$ANSIBLE_VAULT;1.1;AES256
32653932313232653731373665313566323464613136306338343234613065353236353534623934
6463643134336137373030373736383766313239646235390a346264393338373963376564363138
39643464643032666266396162613936373534346232356331313266393635366139346565623432
3933376135343038300a643038633163653730373139366561653335353833353466323865636165
37313731666563363533343562303935333037633839383364616639393462666466646537313233
61386362613134353263663662316363653832353730656134323332626330306566663936346332
31323233373835396662373336303838306530373864326336373166323864363661643433376462
38623230646466356338313731303230373839623062393764326532643866626631666531633663
63643131653231336132346363326266656162353037316431373564303937393737616465663263
62633365656266326230316331386537303438323531643738396462656464303965333261366439
32653532326134316435316662306566323061363336393537666663376231306238646630333664
34386239653932373439366162353830636462313732353861613562643437643531373133363037
32663961376338643731383566373836366631636430356164316231306564646536613965643165
64613563383034326134643232636262353032636465666631653237663735303935636233356234
66306466343166333163303264353962363261313237396362386136663433366234303931666138
35366131613531306337393561303932643633333634333061646638323937376263616432626565
66396463656161373034353265653763636366313232333539613862623465393263393064663466
37663035343064666234366334336430653462383664396139376332353136626264346235376661
35313263663736353036343162353334633339353866346666353332613736663861613362646265
37646665646463383935613164376639633432613831343135396633653539396230353332366634
31373432333038613539363837646331663934643939323833346137306531383261623738653965
62636234363931393638333038353932366338623931373265363837633564386438346230313033
62323764323339333665643762306663313565393363636131663365353863303039336435346539
62663739626139306163613532366633653932323033316364636261396634306237326166386536
64386330643436633038663638323430613332363162376263623034383037346664346465616462
32326466316533623539366265323631343831396334656163363462636361393935656333646262
36613237386565623463343331623339666438383338366637336664636439343861326537313766
30373835636436623763333733356537373062643139623461623230623333386663393438366463
31356462633564356139336139616339363564643664613939313137636135313433383265396337
36653630393463346264316663316531636661613161663462613235373663353038353231323133
35323066383431333161656663323362663538643735343038383461353034646265646636393733
38363634333734353434326530646461643231336565336365383336366237303663316132313938
36303934636132363762343537643431333137306266656538333034653763353232333165383932
66646430613333336238633264323637666166626264653064343935663037326336613332326335
32386537343935626631343732656164393239313435333739356466386134663461306230313730
34626663396464313235353361633564636363316433356263383262636336393061653265666237
38376530306433636434396439613131653231313162653166393863306434643364366337313737
62366462613335313630636132663835353130623961653932353339663830353232616464653230
356436303861336132363730303962393032
